10 2940 1380 920
20 880 4650 2510
30 1290 9400 5570
40 1440 16040 10000
50 2050 24970 13970
60 2040 467180 14550
70 700 12340 8790
80 650 21630 11300
90 1420 23850 12750
100 1100 33270 17150
110 1180 36880 21240
120 1510 53160 23430
130 1350 57780 25010
140 1310 41190 16230
150 1440 46840 18700
160 1780 51000 24230
170 1490 63610 41730
180 2240 27700 15420
190 1160 7230 5320
200 1160 8260 5790
210 1230 8970 6590
220 1530 12390 8330
230 1120 10700 7080
240 1390 11760 7560
250 1720 11930 8910
260 1050 13590 8540
270 1390 14320 9650
280 1320 15530 9850
290 1350 17240 11210
300 1230 17990 11080
310 1740 20080 12070
320 1470 20050 12370
330 1410 21450 12670
340 1990 21760 14220
350 1590 24050 14380
360 1700 25790 15080
370 1740 26530 15950
380 1620 28440 16500
390 1690 29600 17430
400 1850 31120 18210
410 2340 32360 19040
420 1620 34170 20020
430 1850 35320 20600
440 2000 37080 21180
450 2240 39580 23480
460 3440 49810 29380
470 2520 42210 24010
480 2280 43820 24820
490 2380 47000 25660
500 2230 47210 26930
510 2620 49280 27860
520 2260 50850 28190
530 2570 52430 29300
540 2400 54690 30360
550 2290 56320 31020
560 2530 58450 32040
570 2780 60050 33470
580 2590 62230 34000
590 2490 64350 35500
600 2830 66600 39690
610 3040 74090 41040
620 2510 70710 39130
630 3210 74110 40900
640 2830 75070 40570
650 2830 77360 41890
660 3250 79720 43980
670 3060 82160 44110
680 2800 85660 45760
690 3980 86820 47520
700 3820 89100 47960
710 3340 93890 51430
720 4160 105370 59830
730 3190 97340 52860
740 3730 99050 53560
750 5060 101730 54410
760 3020 104580 56430
770 4040 107210 57460
780 3780 110040 59060
790 4140 115930 62540
800 3480 115920 62170
810 3880 122110 62630
820 3670 121340 64750
830 4300 123510 66090
840 3940 125630 67340
850 4920 128020 69700
860 5400 134950 71660
870 3610 134620 73100
880 4500 138990 77550
890 4010 141160 74250
900 3840 143400 76210
910 4060 147770 78490
920 3970 149240 79730
930 4340 158080 85460
940 4500 163830 82480
950 5320 159250 85430
960 4330 162660 86490
970 3320 167380 87300
980 1910 166050 86730
990 2890 170330 94120
1000 2150 173810 89680
