10 8250 4600 5380
20 10430 7460 8380
30 8860 10030 11280
40 7760 8540 8930
50 9760 9710 10070
60 9320 10960 10000
70 8820 9480 10840
80 7480 8380 9690
90 9280 11030 12540
100 6920 9870 9610
110 8500 10380 10720
120 8600 13300 12170
130 9350 12420 12970
140 10180 13260 14180
150 10970 14820 15070
160 12160 17030 16500
170 12870 15900 17470
180 14000 19530 18800
190 14340 21230 19910
200 15550 25130 21810
210 19490 28630 26550
220 16870 24520 24860
230 10180 11790 17530
240 10150 11160 17550
250 11870 14840 20750
260 10820 12970 19160
270 11310 13220 20290
280 12050 12990 20630
290 12720 14510 21720
300 12690 14300 22420
310 13240 16310 23180
320 13710 16730 24380
330 13960 21650 24880
340 14310 16930 25770
350 14840 19360 29810
360 15110 19800 27620
370 16440 19750 29000
380 15970 21410 32520
390 16580 20360 33890
400 16430 21390 29070
410 15040 18210 29510
420 15620 18580 29860
430 15650 22290 30240
440 16300 22150 31030
450 16810 22960 32580
460 18240 24000 34790
470 17060 23400 34790
480 17750 30340 34980
490 17990 25270 35260
500 18240 25710 35670
510 18640 22330 36440
520 19170 26100 36980
530 19690 24650 38450
540 19580 27900 39410
550 20490 31700 40950
560 22660 37450 44020
570 28250 32990 48520
580 29240 38500 51010
590 29220 38830 51020
600 31710 39480 52800
610 35150 47250 58000
620 32300 39040 54640
630 32110 41250 55670
640 33010 45700 55540
650 33190 52150 57380
660 35350 50530 62830
670 34230 52090 61440
680 35610 50470 62020
690 35990 49440 61340
700 35400 43830 64580
710 38920 58270 65890
720 36150 54340 65560
730 37300 58270 64480
740 38420 56620 68200
750 39810 55850 68950
760 38690 54420 68490
770 40580 62800 69000
780 40520 65340 70870
790 48810 63110 74880
800 43710 63540 77480
810 43430 53350 72490
820 43330 63550 76670
830 42720 57010 75530
840 45020 65590 76620
850 45180 65840 76330
860 44260 54300 78620
870 46690 68410 81990
880 45190 63240 80290
890 44690 66470 81600
900 46330 87690 82400
910 46760 69740 83570
920 47300 73620 84170
930 50820 68130 85270
940 53280 82520 93130
950 49500 83880 87250
960 49140 80730 88150
970 49260 70380 88450
980 49980 67510 89550
990 50080 89200 89600
1000 52190 86660 91070
